49
200 200
1 26 25 54 27 25 105 37 57 110 32
2 9 28 109 16 57 24 16 63 12 33
3 47 23 37 102 27 18 48 23 78 15
4 18 42 33 11 13 25 50 41 62 18
5 13 52 76 35 20 15 49 86 16 53
6 45 94 46 15 58 20 27 53 37 76
7 8 40 41 6 14 10 21 18 14 97
8 34 12 14 9 6 28 64 14 28 43
9 11 28 27 18 14 59 7 18 16 9
10 23 63 60 9 13 25 38 21 15 22
11 28 5 35 46 17 57 26 4 64 19
12 19 17 56 18 41 82 25 77 10 13
13 7 33 22 92 32 81 12 6 4 27
14 19 15 45 19 25 102 33 17 12 13
15 37 12 5 30 27 18 28 71 3 6
16 75 18 20 28 46 34 93 20 7 22
17 19 35 36 56 77 25 5 10 67 16
18 6 37 15 32 8 15 54 10 27 14
19 12 10 30 11 25 18 23 18 13 41
20 25 27 17 13 64 13 10 30 78 35
21 56 41 18 11 7 19 58 29 30 115
22 4 14 5 2 14 74 14 41 8 54
23 22 6 13 10 57 21 24 13 20 91
24 8 8 22 8 58 11 18 74 6 6
25 14 15 55 28 6 6 15 72 72 12
26 12 7 16 51 4 9 9 61 15 92
27 32 19 71 38 4 3 18 20 22 58
28 10 68 51 75 29 6 5 12 19 6
29 57 20 40 18 13 5 27 23 38 48
30 52 35 32 13 105 22 31 12 21 61
31 25 26 7 42 10 45 15 8 10 38
32 34 101 27 23 39 74 20 20 22 47
33 5 29 5 26 6 31 32 9 22 37
34 36 9 50 37 26 21 34 51 5 30
35 38 20 12 45 13 10 45 11 5 9
36 6 20 11 37 13 29 6 11 3 15
37 30 22 37 32 51 52 26 31 24 10
38 20 11 10 8 54 23 55 52 20 37
39 18 24 17 3 19 19 17 33 18 13
40 10 9 22 5 44 8 26 20 23 19
41 15 23 25 11 11 11 16 3 41 27
42 11 2 7 29 9 9 11 7 18 5
43 62 14 31 20 46 24 4 8 6 11
44 61 13 19 8 36 21 12 4 39 24
45 104 18 32 18 8 8 29 26 21 6
46 62 20 25 5 7 2 23 11 62 17
47 91 39 12 15 2 7 23 4 20 15
48 13 2 31 12 18 5 59 19 3 8
49 75 37 36 10 28 13 57 15 44 7