25
200 200
1 114 36 82 39 11 76 14 50 37 71
2 22 75 45 56 58 71 67 13 61 28
3 64 150 73 20 42 34 51 57 90 32
4 13 55 21 35 89 21 68 44 12 48
5 81 31 17 9 14 13 38 37 7 43
6 16 3 35 180 75 44 29 96 37 10
7 4 24 8 26 56 31 22 13 17 33
8 12 36 9 44 20 45 46 75 64 94
9 4 21 22 34 29 6 52 59 26 16
10 8 15 60 17 11 21 33 40 26 112
11 44 24 29 18 17 112 40 22 11 23
12 37 46 105 17 54 69 21 18 38 78
13 21 31 86 33 24 5 19 40 28 89
14 21 6 28 17 34 98 54 22 44 79
15 5 25 51 84 11 27 47 24 50 24
16 16 32 11 16 18 15 21 67 43 44
17 57 22 17 41 35 93 13 10 9 50
18 26 7 97 25 29 12 97 36 46 18
19 56 87 15 49 18 12 35 67 102 32
20 80 37 30 43 22 71 17 67 29 32
21 27 34 69 26 38 59 30 43 17 14
22 117 17 120 43 40 43 81 45 26 30
23 55 17 23 6 14 66 16 31 17 6
24 62 33 7 26 129 31 51 24 26 24
25 82 16 38 20 57 23 51 14 119 18