25
200 200
1 41 12 37 71 34 79 34 70 14 50
2 25 34 61 28 79 30 21 53 67 13
3 19 44 90 32 24 112 26 101 51 57
4 115 22 12 48 63 71 29 74 68 44
5 25 51 7 43 47 49 90 26 38 37
6 16 22 37 10 32 86 34 48 29 96
7 71 22 17 33 52 41 15 59 22 13
8 35 16 64 94 11 69 41 24 46 75
9 9 33 26 16 81 37 8 35 52 59
10 41 29 26 112 76 28 33 73 33 40
11 17 93 11 23 75 47 9 17 40 22
12 18 17 38 78 14 38 12 34 21 18
13 90 87 28 89 24 24 43 17 19 40
14 27 76 44 79 22 37 51 27 54 22
15 35 137 50 24 89 13 12 41 47 24
16 31 68 43 44 77 24 23 38 21 67
17 59 21 9 50 12 47 37 60 13 10
18 70 28 46 18 4 9 18 14 97 36
19 36 15 102 32 10 46 44 46 35 67
20 17 29 29 32 30 7 42 22 17 67
21 19 54 17 14 49 27 9 14 30 43
22 50 23 26 30 26 30 21 8 81 45
23 9 7 17 6 4 20 41 24 16 31
24 79 16 26 24 99 23 78 77 51 24
25 146 25 119 18 53 10 122 53 51 14