49
200 200
1 37 57 110 32 54 27 25 105 28 99
2 16 63 12 33 109 16 57 24 57 27
3 48 23 78 15 37 102 27 18 13 25
4 50 41 62 18 33 11 13 25 21 12
5 49 86 16 53 76 35 20 15 17 46
6 27 53 37 76 46 15 58 20 8 10
7 21 18 14 97 41 6 14 10 24 5
8 64 14 28 43 14 9 6 28 32 69
9 7 18 16 9 27 18 14 59 13 5
10 38 21 15 22 60 9 13 25 11 18
11 26 4 64 19 35 46 17 57 21 13
12 25 77 10 13 56 18 41 82 10 13
13 12 6 4 27 22 92 32 81 11 48
14 33 17 12 13 45 19 25 102 11 23
15 28 71 3 6 5 30 27 18 21 30
16 93 20 7 22 20 28 46 34 23 35
17 5 10 67 16 36 56 77 25 48 43
18 54 10 27 14 15 32 8 15 9 33
19 23 18 13 41 30 11 25 18 28 7
20 10 30 78 35 17 13 64 13 45 39
21 58 29 30 115 18 11 7 19 4 16
22 14 41 8 54 5 2 14 74 43 10
23 24 13 20 91 13 10 57 21 36 23
24 18 74 6 6 22 8 58 11 4 27
25 15 72 72 12 55 28 6 6 24 15
26 9 61 15 92 16 51 4 9 46 12
27 18 20 22 58 71 38 4 3 17 4
28 5 12 19 6 51 75 29 6 7 8
29 27 23 38 48 40 18 13 5 10 36
30 31 12 21 61 32 13 105 22 53 28
31 15 8 10 38 7 42 10 45 2 12
32 20 20 22 47 27 23 39 74 22 14
33 32 9 22 37 5 26 6 31 57 18
34 34 51 5 30 50 37 26 21 24 108
35 45 11 5 9 12 45 13 10 6 2
36 6 11 3 15 11 37 13 29 56 11
37 26 31 24 10 37 32 51 52 9 51
38 55 52 20 37 10 8 54 23 36 48
39 17 33 18 13 17 3 19 19 131 23
40 26 20 23 19 22 5 44 8 49 38
41 16 3 41 27 25 11 11 11 17 37
42 11 7 18 5 7 29 9 9 65 19
43 4 8 6 11 31 20 46 24 40 18
44 12 4 39 24 19 8 36 21 25 48
45 29 26 21 6 32 18 8 8 1 3
46 23 11 62 17 25 5 7 2 35 13
47 23 4 20 15 12 15 2 7 10 10
48 59 19 3 8 31 12 18 5 57 30
49 57 15 44 7 36 10 28 13 94 29
