97
200 200
1 14 78 13 9 28 7 52 34 18 90
2 27 27 22 7 9 8 31 14 15 63
3 17 35 22 64 8 6 29 7 23 89
4 39 21 11 12 59 22 16 79 108 19
5 66 16 35 11 23 10 7 48 17 45
6 37 49 36 14 7 5 7 24 19 106
7 5 19 21 55 27 8 21 12 12 30
8 9 16 18 116 10 45 22 37 22 14
9 19 16 22 56 29 32 15 13 74 26
10 26 12 10 2 3 14 11 7 5 16
11 7 26 12 27 4 3 4 15 17 41
12 31 14 23 25 4 2 14 10 9 16
13 8 25 5 1 4 14 3 6 82 12
14 15 35 30 42 8 21 3 10 17 25
15 12 19 16 41 20 13 15 26 3 4
16 21 21 16 68 13 12 5 24 79 17
17 5 14 7 20 31 11 10 35 12 13
18 1 3 13 6 18 41 42 22 7 27
19 8 19 4 14 5 9 7 5 8 32
20 5 19 9 35 26 8 7 19 33 5
21 14 37 27 94 13 18 1 6 4 17
22 48 11 8 46 37 8 2 4 20 5
23 6 16 11 21 20 6 11 14 48 13
24 12 7 7 11 30 10 5 2 10 20
25 68 16 31 20 9 31 13 14 10 32
26 70 20 8 2 19 24 50 11 25 22
27 19 18 4 18 7 10 2 2 8 12
28 50 16 4 25 65 29 62 9 9 12
29 11 62 41 27 24 25 27 11 3 20
30 22 40 10 60 6 21 13 10 8 36
31 15 80 12 75 4 13 15 36 14 9
32 2 12 29 16 25 57 33 11 26 7
33 25 4 35 7 20 14 18 18 8 7
34 20 22 12 7 11 18 42 32 9 6
35 12 44 7 11 3 19 19 34 14 73
36 29 37 4 24 12 59 20 26 25 5
37 18 8 47 12 23 70 14 26 12 10
38 7 16 6 20 22 38 23 98 5 10
39 11 32 34 102 15 4 25 11 4 8
40 36 6 23 49 23 70 8 7 9 2
41 8 34 8 11 19 57 26 4 17 11
42 9 29 4 4 13 3 21 26 18 11
43 20 8 11 7 29 8 30 10 35 11
44 10 20 14 10 20 18 24 52 7 29
45 11 11 6 5 6 12 11 36 23 9
46 15 40 27 8 7 5 14 28 7 2
47 17 76 4 5 7 26 72 16 49 14
48 10 2 2 10 4 1 35 14 30 10
49 30 74 5 21 7 25 13 48 28 40
50 2 9 14 6 36 7 76 13 21 48
51 9 15 33 7 23 59 7 17 11 44
52 10 22 18 5 18 50 7 18 3 18
53 12 47 18 15 1 3 25 8 13 13
54 12 6 5 9 14 40 12 22 16 16
55 25 7 28 5 7 46 13 45 87 30
56 4 18 20 21 20 40 2 8 5 26
57 2 5 13 4 37 7 12 29 8 3
58 7 18 15 7 4 23 37 20 24 23
59 13 2 18 3 32 27 13 29 10 38
60 19 4 28 15 5 16 26 94 22 6
61 12 12 56 9 5 30 6 13 23 9
62 1 2 14 4 7 11 1 1 67 16
63 10 13 4 25 9 11 13 21 32 24
64 37 11 56 19 5 13 8 12 1 4
65 20 10 16 14 14 86 26 23 10 12
66 5 22 13 56 8 25 28 15 6 11
67 36 7 13 34 6 6 9 9 16 3
68 6 1 50 24 9 7 21 20 22 8
69 9 16 7 33 4 14 3 5 39 8
70 12 18 7 21 16 9 28 15 8 20
71 7 32 7 2 14 5 22 6 4 26
72 17 16 2 4 2 9 6 14 55 8
73 17 76 7 22 16 18 9 5 63 18
74 23 24 5 3 15 6 23 9 18 5
75 14 15 2 2 26 17 7 14 20 4
76 22 18 4 1 8 4 18 17 4 1
77 3 9 65 17 6 14 6 9 6 13
78 6 2 11 12 28 73 3 16 10 12
79 2 13 13 10 7 12 42 26 22 22
80 10 8 37 29 2 7 9 26 49 15
81 5 25 6 1 35 11 60 14 35 11
82 18 7 55 15 24 10 5 12 3 13
83 19 3 8 5 25 9 18 41 1 1
84 2 1 3 15 6 5 12 7 9 11
85 3 4 24 35 62 22 5 34 7 10
86 5 8 14 11 49 8 2 3 35 20
87 105 32 12 8 47 19 20 31 28 9
88 7 40 6 22 7 14 37 12 31 11
89 1 4 2 10 24 20 23 19 4 2
90 1 3 8 3 18 25 20 29 7 19
91 4 1 4 11 6 21 14 28 1 6
92 7 3 22 8 41 41 28 7 7 9
93 19 9 19 21 69 18 46 7 47 16
94 71 35 36 12 2 12 97 21 2 7
95 101 19 5 12 22 5 10 2 5 13
96 4 8 110 16 40 7 15 11 66 11
97 11 11 47 9 117 20 48 9 40 9
